2 17 2
3 14 1
24 13 0
28 12 7
37 18 3
38 17 5
40 12 5
40 17 5
41 16 4
42 16 5
48 10 0
48 18 0
67 17 5
72 17 0
73 13 2
78 13 1
93 14 6
112 16 6
123 12 1
134 10 8
136 9 8
142 13 6
142 11 0
159 12 0
168 14 1
175 18 5
175 10 7
178 18 8
189 9 2
193 14 7
193 9 7
195 14 4
202 14 7
208 16 3
212 17 2
221 13 1
222 18 1
235 12 1
271 17 3
278 18 5
292 11 1
293 14 4
300 12 1
303 11 8
356 10 0
380 17 7
389 11 9
415 15 1
416 15 5
418 18 9
424 17 2
426 15 3
440 14 2
466 13 9
467 17 3
471 17 9
474 11 1
475 14 8
481 13 6
489 15 7
490 12 0
491 14 2
495 10 2
502 10 7
502 16 9
503 10 3
506 17 9
508 9 0
532 10 9
542 12 7
542 17 6
556 13 7
556 10 5
580 15 8
580 9 0
594 9 6
599 13 5
600 18 9
601 16 5
608 9 1
615 13 9
626 11 5
635 12 8
640 11 6
647 17 2
648 12 1
669 14 8
675 11 1
675 11 2
681 14 7
686 13 5
695 18 1
697 11 3
700 9 1
707 14 6
710 10 3
718 12 7
722 14 6
726 10 4
737 10 6
748 16 6
754 10 2
761 12 7
771 10 7
783 14 6
799 11 8
807 17 0
808 11 5
811 13 0
819 17 0
821 17 3
829 14 4
830 12 6
832 14 8
836 13 0
883 14 5
899 13 5
900 10 2
910 16 6
913 10 4
935 14 2
946 12 1
947 12 0
953 17 3
958 14 6
971 16 3
974 9 0
989 17 9
1003 11 5
1017 11 2
1018 13 9
1025 14 1
1027 17 5
1060 15 0
1063 18 2
1075 14 2
1088 12 4
1098 13 0
1100 10 6
1111 13 5
1111 11 6
1136 9 4
1153 9 0
1171 13 7
1172 17 8
1184 13 9
1185 12 2
1192 13 9
1196 17 2
1196 11 3
1240 12 4
1243 18 4
1245 13 8
1247 13 8
1260 14 8
1267 18 5
1284 13 9
1286 13 0
1316 10 6
1318 17 0
1322 12 3
1323 16 8
1323 9 9
1333 16 3
1334 9 1
1340 15 1
1355 14 1
1363 17 4
1369 13 4
1382 9 9
1386 12 0
1393 13 6
1396 12 8
1405 12 1
1416 11 8
1426 16 7
1441 15 7
1447 9 8
1462 10 7
1478 17 2
1479 15 0
1487 15 6
1511 11 4
1514 12 9
1538 18 2
1543 13 3
1550 12 1
1555 16 1
1556 17 3
1585 10 3
1591 18 5
1599 16 2
1604 18 1
1615 18 4
1617 14 6
1634 12 3
1637 13 6
1641 17 7
1643 13 7
1647 18 1
1655 9 9
1662 10 4
1672 18 8
1673 15 1
1677 14 4
1690 11 5
1694 17 2
1695 18 8
1717 11 8
1718 12 9
1754 17 6
1758 13 8
1763 17 2
1774 18 8
1790 12 2
1798 13 4
1807 16 9
1812 10 5
1818 11 0
1825 17 3
1829 17 7
1836 16 2
1840 16 5
1842 17 6
1847 18 5
1881 17 2
1885 13 1
1895 12 0
1903 15 3
1911 11 1
1928 12 0
1934 14 3
1947 14 0
1954 14 0
1979 18 5
1982 17 2
1993 15 5
1999 17 8
2011 16 6
2018 15 0
2018 10 4
2028 13 0
2029 16 2
2044 17 5
2052 9 0
2074 11 1
2074 12 2
2074 18 0
2076 17 3
2088 12 7
2088 14 9
2105 10 5
2106 11 1
2111 9 9
2118 14 0
2154 10 9
2157 9 3
2158 11 6
2161 9 3
2164 11 9
2168 17 7
2171 18 0
2179 14 9
2179 14 7
2189 16 0
2196 12 8
2214 11 7
2241 10 8
2244 13 9
2249 16 8
2257 12 3
2263 12 5
2270 18 1
2274 12 5
2287 12 3
2290 12 6
2290 18 4
2307 16 1
2316 14 0
2317 12 9
2317 13 5
2319 11 1
2327 11 0
2330 12 3
2336 16 8
2352 17 9
2356 11 0
2356 17 2
2361 11 4
2363 10 5
2372 11 9
2409 12 9
2421 9 7
2423 18 6
2425 16 9
2483 10 5
2493 17 6
2501 9 8
2503 10 1
2503 18 7
2504 18 8
2505 16 4
2508 10 9
2525 12 8
2529 10 2
2532 12 7
2549 15 4
2554 17 1
2578 10 4
2593 10 4
2597 15 4
2598 18 3
2600 9 3
2609 18 2
2611 10 9
2623 13 4
2625 16 9
2629 13 9
2646 11 6
2648 15 5
2654 11 7
2668 17 1
2678 15 3
2686 17 7
2701 12 4
2703 11 9
2722 17 7
2741 13 3
2742 9 2
2745 11 3
2758 13 9
2759 12 8
2760 16 4
2765 10 0
2795 9 1
2813 13 9
2843 9 0
2862 15 0
2883 11 2
2885 11 0
2890 12 3
2896 11 7
2927 12 4
2933 16 3
2935 10 4
2938 12 2
2941 9 3
2946 17 8
2971 13 3
2974 11 1
2993 11 3
2998 14 7
3007 16 0
3028 10 9
3030 12 8
3053 16 9
3063 10 4
3065 14 3
3093 17 2
3093 13 7
3105 11 5
3134 10 7
3152 9 7
3152 9 2
3154 15 3
3195 14 3
3199 17 4
3216 15 7
3221 9 6
3224 17 7
3234 9 5
3239 12 3
3245 12 4
3264 16 3
3271 18 1
3271 16 9
3281 16 1
3289 16 1
3318 15 1
3330 17 8
3335 11 0
3335 18 9
3340 16 9
3343 12 0
3351 18 0
3377 17 6
3388 14 0
3390 9 6
3401 18 5
3430 16 1
3434 18 1
3449 13 2
3452 12 1
3476 10 7
3487 16 4
3487 15 3
3490 13 1
3509 9 5
3543 12 6
3549 17 9
3557 15 2
3580 10 7
3584 13 4
3602 9 1
3622 17 2
3652 12 3
3653 13 0
3655 13 1
3675 9 0
3684 17 6
3687 10 7
3690 10 4
3694 14 4
3699 17 8
3712 10 4
3713 17 1
3716 11 2
3729 10 5
3754 10 1
3773 9 8
3775 9 2
3779 12 9
3784 13 0
3789 10 5
3826 15 0
3829 9 3
3829 14 8
3832 12 1
3837 10 8
3850 17 9
3877 9 2
3882 9 5
3893 9 4
3936 17 2
3955 17 9
3973 10 3
3977 11 6
3985 11 0
3986 9 1
3990 17 0
3998 12 9
4028 9 0
4042 16 1
4099 16 5
4115 18 8
4118 14 3
4119 10 2
4125 17 7
4129 18 5
4141 17 1
4146 9 9
4155 10 4
4161 13 9
4182 14 8
4182 10 5
4199 14 3
4208 15 6
4216 11 2
4218 17 4
4227 16 2
4237 12 3
4245 17 4
4256 17 4
4262 18 7
4272 14 8
4287 18 0
4295 17 5
4307 10 2
4313 15 1
4343 12 7
4364 10 0
4365 13 0
4380 12 4
4389 14 2
4390 18 5
4393 17 9
4398 9 8
4408 14 8
4414 13 4
4423 16 0
4429 13 5
4455 16 4
4460 17 3
4464 14 5
4474 12 1
4474 9 2
4484 13 0
4486 18 0
4488 11 5
4489 17 1
4507 9 7
4520 9 0
4575 11 7
4580 14 7
4592 10 7
4596 10 8
4596 16 1
4604 11 3
4604 12 5
4615 17 8
4629 15 4
4639 17 4
4642 18 0
4648 12 7
4664 10 1
4668 16 8
4676 14 1
4681 17 2
4684 18 9
4686 9 6
4697 18 0
4700 10 4
4705 10 9
4708 17 1
4712 16 8
4715 14 6
4736 10 4
4745 18 6
4755 10 8
4757 9 5
4766 13 5
4773 16 0
4778 9 1
4791 10 1
4808 18 6
4827 15 1
4828 10 9
4855 9 3
4865 17 1
4872 15 6
4878 12 5
4883 10 9
4887 10 0
4901 11 7
4902 14 0
4924 17 3
4937 18 8
4940 10 2
4945 18 9
4957 18 0
4984 18 6
4987 14 5
5000 11 7
5005 16 4
5006 11 5
5011 9 4
5012 10 9
5021 12 2
5023 15 3
5030 15 1
5038 9 2
5043 11 1
5075 14 1
5084 14 5
5089 12 6
5095 13 6
5117 14 5
5137 16 3
5147 11 5
5154 18 2
5185 17 3
5200 17 8
5204 15 9
5205 14 9
5230 16 1
5236 18 3
5249 12 8
5262 18 5
5264 10 3
5264 12 5
5269 18 8
5279 11 8
5281 18 8
5302 12 0
5313 17 9
5314 15 7
5350 15 1
5367 14 2
5370 16 6
5386 16 9
5402 12 1
5427 12 4
5428 10 0
5433 14 5
5447 15 1
5449 15 9
5472 11 0
5502 16 2
5529 17 9
5535 9 3
5567 9 6
5573 16 2
5602 11 5
5629 13 8
5651 17 3
5651 15 4
5665 12 4
5667 18 5
5697 18 0
5706 12 0
5710 10 5
5716 12 1
5734 13 1
5739 15 2
5759 9 8
5759 18 2
5760 15 7
5764 13 4
5767 16 7
5791 18 2
5808 11 8
5814 17 4
5821 14 0
5824 10 2
5826 11 8
5869 17 8
5890 18 0
5898 12 8
5912 11 7
5927 18 9
5928 16 8
5973 11 8
5981 9 1
5990 14 3
5993 9 2
5994 15 2
6018 17 7
6031 17 6
6038 18 0
6058 18 3
6063 15 7
6080 17 1
6081 12 0
6118 11 9
6122 16 7
6124 16 7
6149 12 5
6160 13 4
6224 17 4
6225 18 2
6251 17 0
6253 12 0
6270 18 7
6287 16 4
6292 18 3
6303 13 3
6321 13 6
6333 15 9
6334 10 7
6337 12 4
6360 17 8
6365 14 6
6366 12 5
6379 12 7
6410 10 4
6412 9 0
6422 15 6
6423 11 5
6423 17 6
6424 14 2
6439 17 2
6446 16 7
6450 10 1
6464 13 6
6467 10 9
6477 17 3
6483 14 1
6486 16 9
6493 14 9
6500 18 4
6504 11 5
6538 10 7
6541 12 5
6559 11 6
6569 15 3
6578 17 6
6582 17 9
6608 11 7
6610 16 1
6611 11 1
6640 12 6
6646 18 8
6653 15 5
6679 13 1
6687 18 9
6697 9 4
6705 18 1
6705 13 3
6738 16 6
6760 11 8
6766 14 0
6790 15 1
6792 13 4
6798 11 2
6809 13 6
6814 16 9
6816 9 9
6835 9 6
6840 12 7
6869 10 8
6878 9 1
6890 10 5
6895 14 8
6897 11 8
6900 17 7
6902 11 3
6909 11 1
6925 17 9
6941 13 6
6943 13 3
6944 18 6
6948 12 2
6962 17 1
6969 14 5
6972 16 9
6991 10 0
7005 15 9
7028 12 9
7032 16 4
7040 10 3
7056 18 3
7063 10 3
7103 11 9
7128 13 1
7152 16 0
7168 14 6
7171 15 6
7199 14 2
7200 13 0
7209 16 3
7216 18 8
7223 18 4
7233 11 1
7240 16 6
7251 14 6
7262 12 4
7273 11 3
7283 9 3
7285 9 0
7296 15 8
7296 10 1
7338 12 5
7349 11 7
7371 15 8
7372 12 8
7376 10 8
7384 14 0
7415 14 8
7421 14 0
7432 14 8
7432 15 7
7437 15 9
7461 9 2
7469 9 3
7478 18 8
7487 16 8
7492 12 2
7516 15 6
7531 15 8
7546 17 9
7572 18 0
7577 9 7
7584 10 1
7585 15 0
7593 14 1
7594 9 3
7604 16 6
7616 14 1
7624 16 8
7636 13 4
7641 10 7
7644 11 7
7649 14 1
7651 14 8
7659 17 6
7666 15 5
7668 16 9
7670 17 6
7671 16 5
7692 16 2
7708 10 3
7713 12 4
7727 15 1
7740 15 4
7760 18 1
7768 11 3
7811 14 7
7815 9 9
7882 15 5
7892 10 3
7922 11 8
7954 17 5
7984 18 8
8007 16 7
8009 16 2
8019 14 6
8027 13 5
8028 18 7
8038 9 1
8044 10 3
8053 12 2
8055 12 8
8072 18 1
8074 10 2
8074 9 7
8075 12 2
8085 13 0
8115 18 0
8136 14 2
8146 12 1
8153 11 7
8154 10 4
8162 14 3
8166 9 7
8177 12 0
8182 17 6
8184 14 2
8187 12 5
8230 10 5
8245 15 1
8253 17 7
8260 11 6
8262 9 0
8272 13 4
8281 13 3
8283 16 6
8289 13 5
8313 13 2
8318 9 1
8318 14 6
8323 11 2
8337 17 3
8346 10 7
8350 12 5
8373 11 4
8382 18 6
8387 13 6
8392 16 5
8392 9 9
8394 9 7
8400 18 7
8405 15 6
8413 9 6
8419 14 5
8423 9 7
8443 15 3
8455 14 1
8456 14 1
8470 12 9
8472 11 6
8489 17 2
8492 11 2
8498 18 1
8510 11 4
8522 11 0
8526 16 7
8529 9 5
8540 14 8
8551 16 6
8580 16 6
8598 17 1
8616 9 9
8636 14 7
8636 17 7
8643 14 2
8651 10 9
8670 10 2
8680 15 8
8683 12 2
8684 11 7
8689 12 8
8692 14 5
8692 18 7
8714 15 8
8716 17 5
8717 12 6
8718 18 9
8721 15 3
8745 13 2
8756 9 6
8759 11 5
8779 9 2
8786 17 0
8791 11 0
8793 11 6
8823 14 6
8823 16 3
8828 18 2
8862 11 8
8864 18 0
8866 12 4
8875 12 9
8958 17 5
8965 10 5
8978 10 3
9007 12 0
9008 18 1
9019 10 6
9022 12 1
9040 11 4
9082 14 7
9087 10 4
9090 16 9
9102 17 0
9126 9 7
9152 13 5
9161 15 8
9166 12 4
9174 18 3
9187 9 3
9203 16 5
9213 16 2
9250 17 1
9253 16 8
9257 9 4
9261 17 8
9264 10 3
9271 14 1
9281 14 2
9292 16 9
9292 9 8
9309 14 2
9310 13 0
9314 12 8
9314 10 0
9318 11 7
9320 14 1
9331 15 3
9334 13 2
9364 14 6
9369 17 9
9383 12 5
9385 16 6
9400 13 3
9464 16 2
9472 16 4
9487 9 8
9490 14 4
9492 12 0
9501 11 7
9505 9 3
9508 14 8
9512 14 0
9515 13 2
9515 10 3
9552 12 0
9556 10 7
9558 15 2
9561 15 6
9561 12 4
9567 12 6
9569 17 3
9573 18 1
9576 16 3
9578 16 3
9611 9 8
9657 17 1
9658 12 6
9669 17 7
9676 18 0
9690 9 2
9704 14 2
9714 9 0
9731 16 1
9741 18 8
9744 17 0
9756 11 0
9758 10 8
9763 10 3
9771 12 1
9789 14 5
9815 17 6
9815 10 1
9815 18 7
9832 11 9
9834 10 1
9849 13 2
9850 11 0
9855 12 2
9855 14 2
9857 10 1
9858 18 9
9860 12 6
9864 16 5
9873 13 1
9876 15 6
9876 17 0
9885 16 1
9894 12 1
9897 17 1
9905 17 1
9905 11 7
9923 18 7
9930 16 6
9962 18 5
9970 17 8
9972 10 1
9975 18 0
9976 18 8
9986 10 9
-1 -1 -1